10
0.000000000000000000e+00 4.502364708243915548e-01 4.460694560607245673e-01 1.167166632183428976e-01 9.482680999242678599e-01 3.476518672568233714e-02 6.315114851669882956e-01 9.466776055694969827e-01 2.299218283167291377e-01 4.612170313144940970e-01
4.502364708243915548e-01 0.000000000000000000e+00 2.401794669580238073e-01 3.372057283861448207e-01 5.557983508084903823e-01 4.572326498781223991e-01 2.472294102223625278e-01 4.992173937482224377e-01 5.195577500987998976e-01 4.865018715020231754e-01
4.460694560607245673e-01 2.401794669580238073e-01 0.000000000000000000e+00 3.702862104825400125e-01 7.663361949720453037e-01 4.694069564931442895e-01 4.793862506786261135e-01 6.397613143332874230e-01 6.080063210149359021e-01 6.721419885669092098e-01
1.167166632183428976e-01 3.372057283861448207e-01 3.702862104825400125e-01 0.000000000000000000e+00 8.333043106154871538e-01 1.200270096928000019e-01 5.154992126455473223e-01 8.312033177448039378e-01 2.420288071222722326e-01 4.001769481014501584e-01
9.482680999242678599e-01 5.557983508084903823e-01 7.663361949720453037e-01 8.333043106154871538e-01 0.000000000000000000e+00 9.414658897333870735e-01 3.205194913934996115e-01 2.825563311888624751e-01 9.049117626749534349e-01 6.852161844442786753e-01
3.476518672568233714e-02 4.572326498781223991e-01 4.694069564931442895e-01 1.200270096928000019e-01 9.414658897333870735e-01 0.000000000000000000e+00 6.272017079764432568e-01 9.502396313886352086e-01 1.953432349036437199e-01 4.331772741444660513e-01
6.315114851669882956e-01 2.472294102223625278e-01 4.793862506786261135e-01 5.154992126455473223e-01 3.205194913934996115e-01 6.272017079764432568e-01 0.000000000000000000e+00 3.639839641048432939e-01 6.169471852918751997e-01 4.577852013455387392e-01
9.466776055694969827e-01 4.992173937482224377e-01 6.397613143332874230e-01 8.312033177448039378e-01 2.825563311888624751e-01 9.502396313886352086e-01 3.639839641048432939e-01 0.000000000000000000e+00 9.717103430855249524e-01 8.190660391030367693e-01
2.299218283167291377e-01 5.195577500987998976e-01 6.080063210149359021e-01 2.420288071222722326e-01 9.049117626749534349e-01 1.953432349036437199e-01 6.169471852918751997e-01 9.717103430855249524e-01 0.000000000000000000e+00 2.845003063637047136e-01
4.612170313144940970e-01 4.865018715020231754e-01 6.721419885669092098e-01 4.001769481014501584e-01 6.852161844442786753e-01 4.331772741444660513e-01 4.577852013455387392e-01 8.190660391030367693e-01 2.845003063637047136e-01 0.000000000000000000e+00
